# Created by Octave 4.2.1, Wed Nov 08 13:43:31 2017 BRST <root@mosqueiro>
# name: resultado
# type: scalar struct
# ndims: 2
 1 1
# length: 4
# name: totalIt
# type: scalar
2


# name: pop_it
# type: cell
# rows: 1
# columns: 3
# name: <cell-element>
# type: matrix
# rows: 100
# columns: 2
 3.675777618707262 11.52576025540354
 11.48139931329727 11.46870524476999
 25.38844352286175 29.23357128162226
 10.135666078067 8.383462434040752
 19.17743157274248 11.0478434678302
 1.701676866683506 20.16416606518467
 24.8823290028751 17.38299581034516
 20.81862917966834 1.32457672412315
 6.214473942605061 8.407666017245749
 19.26001303494435 26.03553041667269
 11.87374088222631 2.261157546022696
 15.78579095362711 19.32439088129372
 3.52120319382726 11.97655993631035
 27.01488058526155 7.986279557991128
 8.953905466952914 23.2244323525302
 0.2666453593543419 18.43469715447676
 6.047731248737228 27.40472352846804
 20.06224236122355 13.21308966279312
 27.92287920174584 4.236713686588399
 20.03666404620889 0.9369222126943646
 0.9773901267006281 27.35226775705025
 13.43395647789636 12.03550724780788
 5.937000345527274 4.146363967417736
 17.35923406639445 3.161571410456421
 6.006516673856591 13.32734026047588
 22.1447535030853 18.10771396916656
 20.47016217825627 15.05569776307172
 12.43227364488423 29.0623119401761
 3.643312637326141 15.52166738497734
 23.07629945227709 4.284317276116412
 12.39054104084793 14.00601846155772
 6.217889177708153 16.81858144567916
 12.98303294613655 2.324366348817634
 0.0996726097178493 9.926630230091451
 28.95934432782023 4.275222636092233
 14.34440667610613 22.76992586035561
 26.83159628625495 15.84141139478889
 3.216326456895317 16.70461057068014
 27.23151235559867 24.15209829997093
 6.011725979279684 15.44417122094529
 6.95962574348344 25.16936678207311
 26.89029418000748 18.03290939660507
 25.98590866617361 3.440424253701588
 7.902609604181058 14.63254800815287
 19.02090825837641 10.95307414816006
 2.013531616847969 2.491065654585761
 28.76868634219614 23.04992668606974
 9.576751427481128 1.654256875850516
 22.12032311520608 4.032255963196289
 11.07033727373841 3.711475008185205
 13.12817028112644 29.83791854133392
 17.4285282140545 18.57081997005131
 13.06906861705369 16.15738380483895
 23.63296248665289 21.37643504813594
 16.40739351112453 2.572895173233497
 11.93955687183463 25.72363095403699
 18.65150888809861 10.50397884892504
 23.36095411240316 4.681698901733379
 20.33911292507118 5.443739467310696
 20.54431527046225 19.86187793088749
 14.45229106890711 10.88957491741043
 12.39924250012083 4.783353466236592
 7.323362628466496 9.471202935900811
 16.54730748331236 2.324630958596192
 24.52965526438372 7.836364730815145
 11.02481133381927 17.61817793930254
 16.42631512664942 24.7842699033228
 19.26831865842131 11.65921265158083
 25.84475625361482 10.77399594593416
 5.099432162976957 12.65860518267103
 7.970024980638154 13.98334049831906
 8.474808009933696 27.7036363673138
 17.26871028794687 12.49128029129859
 14.3348094217261 21.67172401224369
 9.790751544042628 27.20954045179001
 21.95244636904954 10.91247788170004
 6.167444278057625 26.50745042366964
 12.74559509367511 27.42913405746685
 5.307992641034296 29.34322192826952
 11.56345967412851 17.8774363301767
 20.03533802062194 20.12045133529204
 0.4743642105519699 0.07726472383495908
 19.9776063440068 5.362294531223667
 3.986272369544384 0.3824387897277584
 9.759326304521032 24.91423366510106
 6.871554098717813 25.02501785694432
 14.5104851524319 28.7159261989823
 13.08398638115358 2.47062475671997
 18.80689236624704 8.243936398821623
 20.70745870600039 17.92825431529139
 10.05714072257817 13.91518027461108
 26.48380457598909 4.685148199929221
 1.436866006623472 23.80017271012954
 4.529076272226447 11.41252919453052
 16.69586224996841 28.39342349985766
 25.61721160314958 28.35006938430395
 5.304553096180972 1.074012877599943
 22.01379681362308 10.95366302638475
 11.35972182258888 10.71148962992793
 11.28826712457747 6.292254093430477



# name: <cell-element>
# type: matrix
# rows: 140
# columns: 2
 0.9714908220421878 0.9632393794556052
 4.483398981034602 1.268413445348405
 5.80167970767119 1.959987533220589
 2.510658228338187 3.377040310206408
 10.07387803897135 2.540231531471163
 17.04443409480258 3.210605614216838
 16.90452012261475 3.458869828854144
 12.37086749371652 3.147132201643343
 6.434126957017492 5.032338623038382
 13.48015955762677 3.21034100443828
 13.5811129926438 3.356599412340616
 0.5967992212080673 10.8126048857121
 17.85636067788467 4.047546066077067
 0.7637719708445598 19.32067181009741
 11.56746388522863 4.59744966380585
 1.93399261811369 24.68614736575019
 20.53379065769911 1.822896868315011
 1.563651971405535 27.01948421964857
 21.31575579115855 2.210551379743796
 28.15491837964945 4.215703035362328
 7.45781594342272 24.69223431954264
 7.545887588188347 24.83658324467142
 6.50364328534681 14.21331491609652
 19.39315421095195 7.911152861419941
 24.13008909814311 22.26240970375658
 12.89636911161105 5.669328121857237
 11.52193794530949 18.50415259492318
 12.62894533447798 29.47697889067966
 10.37701338874754 26.87675691438832
 2.198803478173724 21.05014072080532
 13.93108308938658 12.92148190342853
 16.62410226588372 18.5113003693214
 17.28212409467331 28.06063996245598
 7.670382061762913 27.6441167665839
 20.96728878974649 15.94167241869237
 3.802588301600224 16.37182703327846
 4.600207216328502 12.29766553201678
 11.97852592478749 12.35467990039063
 27.11845325357506 4.177194085858494
 12.14972151883341 17.54465279277502
 10.86049687594042 10.35054997927367
 4.26203946341217 11.19297671800186
 19.5630174145751 12.85215001213886
 4.140439248816358 16.40764204059798
 26.48303527766383 4.326398909322235
 19.51803486986662 11.83904880378071
 12.2646426688829 16.09786420410904
 4.107465038532167 11.64377639890867
 17.01257697135432 24.45148636592112
 19.90303275782961 17.86873471456149
 11.93955687183463 25.72363095403699
 18.67820662609402 10.68690381717594
 20.12945311787112 5.548512345574114
 27.96426039402536 22.99040708533983
 6.71160055409528 9.293640672866395
 22.7310153477902 17.77493043176488
 23.07629945227709 4.284317276116412
 27.23151235559867 24.15209829997093
 18.7607880882959 25.67459076601843
 26.63565134985342 4.871366014279667
 5.307992641034296 29.34322192826952
 24.07790305470431 17.32347620961526
 23.72522931621294 7.77684513008524
 21.62109816855762 3.671316312542033
 26.51565563861309 7.625339907336872
 20.33911292507118 5.443739467310696
 17.84708293992783 10.44445924819514
 15.28656600697865 18.96345123063946
 9.252714774407391 13.85566067388117
 8.467151592128372 14.8693151539397
 22.5109234251133 11.8396376820054
 22.44957298053976 11.79845253732069
 13.33185693838002 27.09635052006517
 18.46389271025053 11.59969305085092
 14.93066852081104 22.43714232295393
 4.68092304609077 11.59874700888096
 25.54029029672608 29.41978909597271
 6.319291051921947 26.69366823802009
 11.58611509267715 13.94649886082781
 10.135666078067 8.383462434040752
 14.60413784277143 11.07579273176088
 10.34558814922594 24.58145012769938
 9.540167311657822 22.89164881512852
 22.86172916575471 4.320759251079124
 19.23091207245116 20.06093173456214
 8.488871448885964 14.29976447075119
 5.718664231059697 16.45764179502491
 13.01853548958914 28.72952840277442
 6.163572753144007 15.63038903529573
 27.0421409538718 18.21912721095552
 7.909624473171403 9.13841939849913
 16.76948534129841 12.13034064064433
 11.78539373606769 7.178228749051123
 13.83558447507764 21.31078436158944
 26.33237133960649 15.48047174413464
 5.548506302088772 27.04378387781379
 25.99660302747915 10.9602137602846
 21.13057711516716 19.52909439348581
 26.20347344785449 28.01728584690227
 14.01126020578345 28.35498654832805
 28.23124920984052 25.94982680235468
 24.23257352580869 9.101980072711063
 25.3488945831343 20.78674093688357
 22.46742636165419 28.37084327247964
 8.737091688945227 21.74417257635831
 21.83325163445053 17.71542169194287
 18.14813436469295 17.21912893857549
