# Created by Octave 4.0.0, Thu Nov 09 05:19:55 2017 BRST <wander@wander-S400CA>
# name: resultado
# type: scalar struct
# ndims: 2
 1 1
# length: 4
# name: totalIt
# type: scalar
3


# name: pop_it
# type: cell
# rows: 1
# columns: 4
# name: <cell-element>
# type: matrix
# rows: 400
# columns: 2
 12.6239063232801 17.03021852305686
 20.60678769844387 25.33703987343768
 25.23682535312584 24.11515685024557
 8.650857161739888 26.03646143162849
 12.57698150292814 8.522515298432817
 16.77357986723117 20.5619046244932
 24.5875388479895 4.17975903229236
 27.27042997799786 3.325153300719633
 1.781944787477248 13.77021963560014
 15.89599431396715 26.62047705285664
 4.315448635103343 23.69665407455332
 27.97083859385149 12.41699291047077
 29.6193305492208 3.858143596436365
 5.303746106299584 14.58332243926296
 4.465812256330179 17.70814634090006
 29.04899351733262 16.58826804406705
 25.26136702135373 18.51076310257326
 6.882709935536481 22.34236752530191
 2.92218130571161 28.27575384177335
 9.148048244796524 13.23516220919887
 6.687206288902152 25.27466049181881
 12.08251767396304 3.533370322063216
 23.87506250628399 14.24310037786199
 5.02331286241477 2.42793887143611
 1.87854854249202 14.70941928464523
 29.40463678791986 9.244991581897898
 10.7998244201243 22.38682416187632
 9.129372143482163 14.4539812189175
 13.54600248047956 25.17223128681299
 29.63904695456094 9.942454290856649
 22.19979423482231 15.00247797970243
 22.60750885617706 10.01253754022865
 23.66915123556223 2.159767384348745
 17.70736749596666 27.92187256552687
 6.419692912610103 22.83012222135219
 27.18893510947742 21.27573245769173
 14.75663577107412 18.45853170612718
 3.863893565528353 10.64638213511456
 21.04843859635459 12.40762137825886
 20.27504571073678 16.41776301543632
 4.400163993077008 8.063679513864402
 29.21653673719394 6.773734876777536
 17.50003255594432 7.375572869104736
 21.52382051831097 28.35740468648392
 25.76197822076849 17.2347801602491
 13.11391409836227 11.98121316468111
 13.33945159377321 11.95901594847769
 17.57102415956362 1.813061845611857
 26.89218964640308 10.92445438507064
 10.69282374898148 20.21180017135245
 20.90232109644156 1.530454709857227
 15.24209837324647 9.850029054437439
 13.2776303699583 19.44031578110157
 3.146651115174102 17.45936262648033
 6.469672751457311 12.25052238824152
 27.14911556252618 1.725890127410714
 20.72650621176699 21.75007147591405
 2.414380482991502 10.20386060562137
 17.45348967172607 22.28467795398064
 4.497673744949144 11.44515422077222
 9.221371145014633 28.54097626231823
 7.892742353200886 13.27484693577157
 7.524843457306621 8.019202487064909
 29.54861855437611 4.663168031346578
 23.80279069454665 15.74019611341503
 11.03797551903201 29.16601005526503
 6.907517575120666 5.260151875545315
 23.53174872736154 21.07103831583465
 15.64847360872008 25.80806193905222
 27.5874279525712 6.992540236679946
 15.72943773096777 9.858970317411345
 8.238802136221725 18.80501519833775
 6.037158723974457 23.07719445866767
 3.846750386750634 26.86971436720452
 5.110368166536159 0.6953226018301375
 13.44539137508495 17.19584536021262
 3.120439766329176 21.46983674695106
 20.86741892766702 18.63707655636491
 3.560188815328338 1.107500983300977
 7.085391789566773 7.139607189669729
 4.999940945570311 10.91188161517372
 15.44001581055396 4.85428326097418
 2.564357262251481 29.91106136692644
 26.57679705765486 5.359935713445941
 5.774950417973504 5.097056531436335
 23.2759994235336 0.3593662229589936
 2.420591116755129 11.79240910223214
 17.98899256110026 19.66274463890033
 15.47410627880998 15.03705124943214
 19.41007237251257 26.46056501113221
 29.81729473484389 27.13872395449008
 27.31620693334479 17.04560845679473
 21.46580534848596 4.273570128209959
 17.55244715730971 2.183503695916963
 9.007537596176673 27.49626940731225
 9.21854559410111 10.61836304307933
 20.35132189739134 18.40866974872594
 8.623815823415631 6.716953208823961
 20.46641760036789 5.859000575436291
 28.40313183950886 5.503796741149644
 1.733207568801857 0.1857705049886829
 19.27852770309688 6.37713175187011
 14.14001188019789 17.06112497104385
 2.955007370208869 19.2557379150922
 4.920989620935995 13.6849838990455
 1.073684009678817 25.37300534643269
 1.53036775320991 12.95151925925536
 1.731251039621185 16.65344813824903
 4.01991339462961 16.86808463257337
 22.14385594428504 3.784172396122462
 14.11544727683891 12.20710721311256
 2.559336017020194 24.89162225647283
 0.04232410277014509 15.95164732159675
 8.776395350291356 11.57013714650064
 16.63115680842233 18.507156680961
 17.45454901360716 10.81016662120284
 17.14060211773286 6.928185566974478
 24.18277980650056 18.18349651459902
 13.19247788081449 6.963978312025128
 21.63742652837728 11.46290200784581
 3.829889217095273 12.84044531565334
 12.9955454643196 29.76812401824341
 25.0619693744813 6.258454298845272
 28.80754143604618 10.55760936107035
 14.63196967568676 16.27498140331053
 10.16256376999651 1.505203054550236
 18.01204961649128 7.087297013692864
 16.89139680314937 28.05469960780291
 29.62311921848653 20.07773508142827
 17.99372327458275 20.83334201672325
 27.65144485684137 28.15562129080105
 8.698196061197731 23.6575777525937
 27.16649609790763 23.48175870687808
 19.252940455317 6.180274959597974
 9.368807440955639 4.474470435140938
 6.881347338043301 27.9797297447759
 2.468822088883 14.2856740588702
 28.26414087033419 10.94900029812326
 7.334205692153613 19.21760515408819
 29.70982363184692 7.435471943845789
 12.83063294571046 29.91823237746669
 5.290212929843349 20.04731760547253
 10.90182165957959 18.08287693904648
 12.77889711131228 5.587443741824934
 26.51396171019661 18.2687899564959
 13.87361948142139 4.206780635352751
 24.71992526572637 5.624394212120532
 4.514835888333411 27.10985388294278
 7.760136730087789 10.73033142003244
 21.53918842623017 28.74356399347842
 14.5127535874199 10.92327473902193
 21.96060907993119 3.289589440273286
 23.68625540627364 1.085284539137317
 18.23805843358009 13.37210282933363
 26.16256475575131 20.47606675360963
 23.18847237941437 11.93654065910834
 12.98854908580277 20.98813943922237
 24.45575534958803 29.11191899081386
 23.19796071639582 21.86452888376145
 14.39502238115634 2.237471040471629
 15.05032642782416 26.93861733235562
 5.658023866383488 24.91657394500895
 25.07019736941993 3.609242907979927
 6.142056048160211 10.47480864605346
 1.945854342564567 2.395437062109448
 0.1340841177271637 10.54433752888607
 28.26979451145111 0.2547482649989588
 12.93316036453247 15.9421379687796
 23.80085627043874 7.710697888221024
 11.93841322697577 3.820668177370674
 18.31650970755395 9.93618568001502
 8.575593064807064 22.9445052658543
 2.00742277220987 8.394149246757388
 5.357843136946705 28.23341150333752
 13.34662151676665 20.30311956825807
 17.38745148164366 14.3528017155389
 12.81145362747055 10.01267027171394
 13.22639071202574 20.8990830013765
 16.62453723519413 25.27584548873246
 20.59301489521772 10.69825071804331
 8.186586099840737 26.21243188548647
 14.61004401185367 13.56531374749833
 28.22584911584614 3.467722959156067
 8.449209369340682 20.95531176677135
 7.373462607742465 3.080987633808681
 23.49045985309398 28.97938300874464
 28.55890597699139 19.38719813884087
 16.15934278007102 21.44215785096893
 21.76793875911226 8.592257153233039
 19.36240539834 19.39489788453682
 16.96386972647968 18.75909421087923
 27.76502420078877 17.77441534026855
 21.89663412762652 25.43726846730997
 4.245251155107042 27.59169279086952
 19.49194484969218 6.235814867281778
 13.67531726785897 28.43544032642131
 21.27657204152555 6.929732656204527
 20.6929370826326 10.15600011858255
 22.08876338342071 17.68126007791809
 11.77723148771353 12.88770070104323
 11.86505117820177 11.91800905870879
 27.9961007204174 10.24909766576588
 17.26970773733441 6.815627032454159
 25.68061062463467 1.3449569447052
 22.28477952612025 15.13772717406307
 21.48140064849956 29.38949878197036
 6.194905855699856 15.55932830142744
 23.86550988035317 6.160273446154193
 28.91151164016461 12.7826948843546
